%YAML:1.0
---
camera_matrix: !!opencv-matrix
   rows: 3
   cols: 3
   dt: d
   data: [ 1019.0990600585938, 0., 655.7727661132812, 0.,
       1011.92724609375, 381.6077880859375, 0., 0., 1. ]
dist_coeff: !!opencv-matrix
   rows: 1
   cols: 5
   dt: d
   data: [ 0.25767844915390015, -1.3006402254104614,
       -0.004285777453333139, -0.002507657278329134,
       2.307018518447876 ]
